0 0.056961 0.050599 0.077778 0.070000
0 0.166648 0.048109 0.077778 0.070000
0 0.280237 0.049755 0.077778 0.070000
0 0.388306 0.051663 0.077778 0.070000
0 0.497457 0.052342 0.077778 0.070000
0 0.610543 0.052541 0.077778 0.070000
0 0.723038 0.049769 0.077778 0.070000
0 0.836698 0.048435 0.077778 0.070000
0 0.943104 0.047684 0.077778 0.070000
0 0.169162 0.252215 0.077778 0.070000
0 0.835839 0.252832 0.077778 0.070000
0 0.057698 0.346390 0.077778 0.070000
0 0.276487 0.351593 0.077778 0.070000
0 0.502404 0.352852 0.077778 0.070000
0 0.722249 0.353017 0.077778 0.070000
0 0.943683 0.348634 0.077778 0.070000
0 0.051487 0.651479 0.077778 0.070000
0 0.281270 0.648711 0.077778 0.070000
0 0.497428 0.650320 0.077778 0.070000
0 0.723626 0.647185 0.077778 0.070000
0 0.941056 0.652272 0.077778 0.070000
0 0.167910 0.748996 0.077778 0.070000
0 0.834630 0.750247 0.077778 0.070000
0 0.057293 0.948094 0.077778 0.070000
0 0.164735 0.949474 0.077778 0.070000
0 0.278814 0.948823 0.077778 0.070000
0 0.387545 0.946387 0.077778 0.070000
0 0.503421 0.950231 0.077778 0.070000
0 0.607184 0.947497 0.077778 0.070000
0 0.723082 0.951513 0.077778 0.070000
0 0.836489 0.950575 0.077778 0.070000
0 0.942818 0.951246 0.077778 0.070000
