0 0.059070 0.053629 0.077778 0.070000
0 0.166163 0.049147 0.077778 0.070000
0 0.274828 0.051786 0.077778 0.070000
0 0.387585 0.048813 0.077778 0.070000
0 0.496160 0.047394 0.077778 0.070000
0 0.607473 0.051608 0.077778 0.070000
0 0.719698 0.052054 0.077778 0.070000
0 0.834836 0.047104 0.077778 0.070000
0 0.942203 0.051228 0.077778 0.070000
0 0.165478 0.248935 0.077778 0.070000
0 0.836769 0.252101 0.077778 0.070000
0 0.051925 0.351237 0.077778 0.070000
0 0.280342 0.350187 0.077778 0.070000
0 0.498035 0.353484 0.077778 0.070000
0 0.724157 0.353101 0.077778 0.070000
0 0.947288 0.347341 0.077778 0.070000
0 0.059388 0.650971 0.077778 0.070000
0 0.275089 0.648193 0.077778 0.070000
0 0.497708 0.649531 0.077778 0.070000
0 0.725987 0.648450 0.077778 0.070000
0 0.945480 0.651893 0.077778 0.070000
0 0.168930 0.753383 0.077778 0.070000
0 0.831752 0.751737 0.077778 0.070000
0 0.055749 0.951780 0.077778 0.070000
0 0.163605 0.951107 0.077778 0.070000
0 0.281107 0.948731 0.077778 0.070000
0 0.389220 0.951669 0.077778 0.070000
0 0.496494 0.951946 0.077778 0.070000
0 0.610938 0.953445 0.077778 0.070000
0 0.724221 0.950991 0.077778 0.070000
0 0.833777 0.953121 0.077778 0.070000
0 0.945939 0.949436 0.077778 0.070000
