0 0.052993 0.048385 0.077778 0.070000
0 0.163870 0.052800 0.077778 0.070000
0 0.275948 0.053357 0.077778 0.070000
0 0.385078 0.053100 0.077778 0.070000
0 0.499130 0.048225 0.077778 0.070000
0 0.607971 0.050761 0.077778 0.070000
0 0.724579 0.048452 0.077778 0.070000
0 0.836936 0.050089 0.077778 0.070000
0 0.948199 0.053273 0.077778 0.070000
0 0.166676 0.251651 0.077778 0.070000
0 0.837184 0.248603 0.077778 0.070000
0 0.056985 0.347070 0.077778 0.070000
0 0.276041 0.347136 0.077778 0.070000
0 0.498925 0.347853 0.077778 0.070000
0 0.725952 0.347815 0.077778 0.070000
0 0.944949 0.349812 0.077778 0.070000
0 0.053824 0.648161 0.077778 0.070000
0 0.274911 0.646582 0.077778 0.070000
0 0.502725 0.649938 0.077778 0.070000
0 0.722128 0.650944 0.077778 0.070000
0 0.947545 0.652675 0.077778 0.070000
0 0.164166 0.750206 0.077778 0.070000
0 0.836733 0.750160 0.077778 0.070000
0 0.057610 0.948143 0.077778 0.070000
0 0.170819 0.947116 0.077778 0.070000
0 0.278492 0.949856 0.077778 0.070000
0 0.391238 0.949153 0.077778 0.070000
0 0.501092 0.950523 0.077778 0.070000
0 0.611299 0.948154 0.077778 0.070000
0 0.725278 0.953143 0.077778 0.070000
0 0.832989 0.952439 0.077778 0.070000
0 0.947713 0.951487 0.077778 0.070000
