0 0.055884 0.046803 0.077778 0.070000
0 0.166091 0.048704 0.077778 0.070000
0 0.274293 0.051748 0.077778 0.070000
0 0.384981 0.053197 0.077778 0.070000
0 0.500222 0.051287 0.077778 0.070000
0 0.613339 0.052059 0.077778 0.070000
0 0.725638 0.053528 0.077778 0.070000
0 0.829860 0.051631 0.077778 0.070000
0 0.945123 0.047123 0.077778 0.070000
0 0.168992 0.253568 0.077778 0.070000
0 0.835452 0.251915 0.077778 0.070000
0 0.059073 0.352840 0.077778 0.070000
0 0.280280 0.350482 0.077778 0.070000
0 0.501123 0.353164 0.077778 0.070000
0 0.722539 0.347794 0.077778 0.070000
0 0.945320 0.351045 0.077778 0.070000
0 0.059017 0.651273 0.077778 0.070000
0 0.278442 0.651630 0.077778 0.070000
0 0.501123 0.646893 0.077778 0.070000
0 0.718848 0.653653 0.077778 0.070000
0 0.942881 0.651102 0.077778 0.070000
0 0.163206 0.749237 0.077778 0.070000
0 0.834767 0.748314 0.077778 0.070000
0 0.052910 0.949090 0.077778 0.070000
0 0.162529 0.952735 0.077778 0.070000
0 0.276864 0.953049 0.077778 0.070000
0 0.385569 0.948816 0.077778 0.070000
0 0.503591 0.952842 0.077778 0.070000
0 0.612693 0.952482 0.077778 0.070000
0 0.720204 0.953200 0.077778 0.070000
0 0.836058 0.946764 0.077778 0.070000
0 0.944951 0.949023 0.077778 0.070000
