0 0.055290 0.048919 0.077778 0.070000
0 0.165152 0.048969 0.077778 0.070000
0 0.275559 0.052919 0.077778 0.070000
0 0.384982 0.051709 0.077778 0.070000
0 0.498272 0.052885 0.077778 0.070000
0 0.607387 0.048090 0.077778 0.070000
0 0.718516 0.053038 0.077778 0.070000
0 0.831917 0.046671 0.077778 0.070000
0 0.940557 0.053238 0.077778 0.070000
0 0.163316 0.248748 0.077778 0.070000
0 0.833644 0.246620 0.077778 0.070000
0 0.057556 0.346771 0.077778 0.070000
0 0.276022 0.352809 0.077778 0.070000
0 0.503575 0.348608 0.077778 0.070000
0 0.720341 0.350456 0.077778 0.070000
0 0.944912 0.349617 0.077778 0.070000
0 0.053991 0.646520 0.077778 0.070000
0 0.274178 0.647362 0.077778 0.070000
0 0.501242 0.650516 0.077778 0.070000
0 0.721960 0.648642 0.077778 0.070000
0 0.947610 0.653170 0.077778 0.070000
0 0.162748 0.753036 0.077778 0.070000
0 0.835209 0.752688 0.077778 0.070000
0 0.056807 0.952925 0.077778 0.070000
0 0.165422 0.953562 0.077778 0.070000
0 0.274614 0.951215 0.077778 0.070000
0 0.388417 0.946810 0.077778 0.070000
0 0.500873 0.949829 0.077778 0.070000
0 0.615166 0.947335 0.077778 0.070000
0 0.721757 0.948649 0.077778 0.070000
0 0.835382 0.946430 0.077778 0.070000
0 0.943387 0.949878 0.077778 0.070000
